0 3 1
0 8 1
0 27 1
0 28 1
0 52 1
0 58 1
0 77 1
2 4 2
2 3 1
2 22 1
2 23 1
2 28 1
2 30 1
2 38 1
2 44 1
2 45 2
2 46 1
2 47 1
2 52 1
2 55 1
2 58 1
2 59 1
2 72 1
2 74 1
2 77 1
2 12 1
3 4 1
3 22 1
3 23 1
3 28 3
3 30 1
3 38 1
3 44 1
3 45 1
3 46 1
3 47 1
3 52 2
3 55 1
3 58 3
3 59 3
3 72 1
3 74 2
3 77 2
3 8 1
3 27 2
3 15 2
3 33 1
3 48 1
3 12 1
4 7 1
4 9 1
4 32 1
4 37 1
4 54 1
4 58 3
4 60 1
4 67 1
4 77 2
4 22 1
4 23 1
4 28 1
4 30 1
4 38 1
4 44 1
4 45 1
4 46 1
4 47 1
4 52 1
4 55 1
4 59 1
4 72 1
4 74 1
4 49 1
4 63 1
5 12 2
5 30 1
5 58 2
5 10 1
5 14 1
5 16 1
5 62 1
6 11 1
6 12 1
6 21 1
6 24 1
6 25 1
6 31 1
6 32 1
6 36 1
6 37 1
6 38 1
6 43 1
6 44 1
6 45 1
6 51 1
6 58 1
6 60 1
6 67 1
6 70 1
6 71 1
6 74 1
6 77 1
7 10 1
7 54 2
7 58 3
7 67 3
7 77 2
7 9 1
7 32 1
7 37 1
7 60 1
7 22 1
7 45 1
8 27 1
8 28 1
8 52 1
8 58 1
8 77 1
9 10 1
9 24 1
9 54 2
9 58 2
9 59 1
9 67 2
9 69 1
9 72 1
9 76 1
9 32 1
9 37 1
9 60 1
9 77 1
10 12 1
10 14 1
10 16 1
10 58 3
10 62 1
10 24 1
10 54 2
10 59 1
10 67 2
10 69 1
10 72 1
10 76 1
10 77 1
11 12 1
11 21 1
11 24 1
11 25 1
11 31 1
11 32 1
11 36 1
11 37 1
11 38 1
11 43 1
11 44 1
11 45 1
11 51 1
11 58 1
11 60 1
11 67 1
11 70 1
11 71 1
11 74 1
11 77 1
12 30 1
12 58 6
12 13 1
12 15 2
12 20 1
12 27 2
12 28 1
12 34 1
12 52 1
12 56 1
12 59 2
12 74 2
12 14 1
12 16 1
12 62 1
12 21 1
12 24 1
12 25 1
12 31 1
12 32 1
12 36 2
12 37 1
12 38 1
12 43 1
12 44 2
12 45 3
12 51 1
12 60 1
12 67 1
12 70 1
12 71 1
12 77 1
12 18 1
13 15 1
13 20 1
13 27 1
13 28 1
13 34 1
13 52 1
13 56 1
13 58 1
13 59 1
13 74 1
14 16 1
14 58 1
14 62 1
15 20 1
15 27 2
15 28 2
15 34 1
15 52 1
15 56 1
15 58 2
15 59 2
15 74 2
15 33 1
15 48 1
16 58 1
16 62 1
18 36 1
18 44 1
18 45 1
18 58 1
20 27 1
20 28 1
20 34 1
20 52 1
20 56 1
20 58 1
20 59 1
20 74 1
21 24 1
21 25 1
21 31 1
21 32 1
21 36 1
21 37 1
21 38 1
21 43 1
21 44 1
21 45 1
21 51 1
21 58 1
21 60 1
21 67 1
21 70 1
21 71 1
21 74 1
21 77 1
22 58 7
22 60 2
22 69 1
22 78 1
22 29 1
22 37 1
22 44 3
22 23 1
22 28 1
22 30 1
22 38 1
22 45 2
22 46 1
22 47 1
22 52 1
22 55 1
22 59 1
22 72 1
22 74 1
22 77 1
22 43 1
22 51 1
22 66 1
22 70 1
22 67 1
22 61 1
23 28 1
23 30 1
23 38 1
23 44 1
23 45 1
23 46 1
23 47 1
23 52 1
23 55 1
23 58 1
23 59 1
23 72 1
23 74 1
23 77 1
23 36 1
24 54 1
24 58 2
24 59 1
24 67 2
24 69 1
24 72 1
24 76 1
24 25 1
24 31 1
24 32 1
24 36 1
24 37 1
24 38 1
24 43 1
24 44 1
24 45 1
24 51 1
24 60 1
24 70 1
24 71 1
24 74 1
24 77 1
25 31 1
25 32 1
25 36 1
25 37 1
25 38 1
25 43 1
25 44 1
25 45 1
25 51 1
25 58 1
25 60 1
25 67 1
25 70 1
25 71 1
25 74 1
25 77 1
27 28 2
27 34 1
27 52 2
27 56 1
27 58 3
27 59 2
27 74 1
27 77 1
28 34 1
28 52 3
28 56 1
28 58 3
28 59 2
28 74 3
28 30 1
28 38 1
28 44 1
28 45 1
28 46 1
28 47 1
28 55 1
28 72 1
28 77 2
28 33 1
28 48 1
29 37 1
29 44 1
29 58 1
30 58 2
30 38 1
30 44 1
30 45 1
30 46 1
30 47 1
30 52 1
30 55 1
30 59 1
30 72 1
30 74 1
30 77 1
31 32 1
31 36 1
31 37 1
31 38 1
31 43 1
31 44 1
31 45 1
31 51 1
31 58 1
31 60 1
31 67 1
31 70 1
31 71 1
31 74 1
31 77 1
32 37 2
32 54 1
32 58 2
32 60 2
32 67 2
32 77 2
32 36 1
32 38 1
32 43 1
32 44 1
32 45 1
32 51 1
32 70 1
32 71 1
32 74 1
33 58 1
33 74 2
33 48 1
34 52 1
34 56 1
34 58 1
34 59 1
34 74 1
36 37 1
36 38 1
36 43 1
36 44 2
36 45 2
36 51 1
36 58 2
36 60 1
36 67 1
36 70 1
36 71 1
36 74 1
36 77 1
37 54 1
37 58 3
37 60 2
37 67 2
37 77 2
37 44 2
37 38 1
37 43 1
37 45 1
37 51 1
37 70 1
37 71 1
37 74 1
38 44 2
38 45 2
38 46 1
38 47 1
38 52 1
38 55 1
38 58 2
38 59 1
38 72 1
38 74 2
38 77 2
38 43 1
38 51 1
38 60 1
38 67 1
38 70 1
38 71 1
43 51 2
43 58 2
43 66 1
43 70 2
43 44 1
43 45 1
43 60 1
43 67 1
43 71 1
43 74 1
43 77 1
44 58 5
44 45 3
44 46 1
44 47 1
44 52 1
44 55 1
44 59 1
44 72 1
44 74 2
44 77 2
44 51 1
44 60 1
44 67 1
44 70 1
44 71 1
44 61 1
45 46 1
45 47 1
45 52 1
45 55 1
45 58 4
45 59 1
45 72 1
45 74 2
45 77 2
45 51 1
45 60 1
45 67 2
45 70 1
45 71 1
46 47 1
46 52 1
46 55 1
46 58 1
46 59 1
46 72 1
46 74 1
46 77 1
47 52 1
47 55 1
47 58 1
47 59 1
47 72 1
47 74 1
47 77 1
48 74 1
49 58 1
49 63 1
51 58 2
51 66 1
51 70 2
51 60 1
51 67 1
51 71 1
51 74 1
51 77 1
52 56 1
52 58 3
52 59 2
52 74 2
52 55 1
52 72 1
52 77 2
53 75 1
53 78 1
54 58 3
54 59 1
54 67 3
54 69 1
54 72 1
54 76 1
54 77 2
54 60 1
55 58 1
55 59 1
55 72 1
55 74 1
55 77 1
56 58 1
56 59 1
56 74 1
58 59 4
58 74 4
58 62 1
58 60 4
58 69 2
58 78 1
58 67 5
58 72 2
58 76 1
58 77 5
58 63 1
58 68 1
58 66 1
58 70 2
58 71 1
58 61 1
59 74 2
59 67 1
59 69 1
59 72 2
59 76 1
59 77 1
60 69 1
60 78 1
60 67 2
60 77 2
60 70 1
60 71 1
60 74 1
66 70 1
67 69 1
67 72 1
67 76 1
67 77 3
67 70 1
67 71 1
67 74 1
69 78 1
69 72 1
69 76 1
70 71 1
70 74 1
70 77 1
71 74 1
71 77 1
72 76 1
72 74 1
72 77 1
74 77 2
75 78 1
