2 3 1
2 38 1
2 44 1
2 47 1
2 52 1
2 55 1
2 59 1
2 72 1
3 38 1
3 44 1
3 47 1
3 52 2
3 55 1
3 59 2
3 72 1
3 53 1
3 15 1
3 74 2
3 12 1
3 20 1
3 58 1
6 32 1
6 38 2
6 43 2
6 45 2
6 58 1
6 7 2
6 10 1
6 16 1
6 17 1
6 21 1
6 22 1
6 23 1
6 51 1
6 52 1
6 59 1
6 70 1
6 77 1
6 25 1
6 72 1
6 76 1
7 9 2
7 10 2
7 16 1
7 17 1
7 21 1
7 22 1
7 23 1
7 38 1
7 43 1
7 45 2
7 51 1
7 52 1
7 59 1
7 70 1
7 77 2
7 24 1
7 72 2
7 76 2
7 12 1
7 44 1
7 69 2
8 28 1
8 77 1
9 10 1
9 24 1
9 77 1
9 15 1
9 58 1
9 67 1
10 22 2
10 30 1
10 71 1
10 16 1
10 17 1
10 21 1
10 23 1
10 38 1
10 43 1
10 45 1
10 51 1
10 52 1
10 59 1
10 70 1
10 77 1
11 12 1
11 18 1
11 31 1
11 36 1
11 42 1
11 72 1
12 20 2
12 28 1
12 34 1
12 41 1
12 52 2
12 56 1
12 22 1
12 45 2
12 58 3
12 62 1
12 18 1
12 31 1
12 36 1
12 42 1
12 72 1
12 59 1
12 74 1
12 33 1
12 46 1
12 44 1
12 69 1
12 76 1
15 74 1
15 58 1
15 67 1
16 17 1
16 21 1
16 22 1
16 23 1
16 38 1
16 43 1
16 45 1
16 51 1
16 52 1
16 59 1
16 70 1
16 77 1
17 21 1
17 22 1
17 23 1
17 38 1
17 43 1
17 45 1
17 51 1
17 52 1
17 59 1
17 70 1
17 77 1
18 31 1
18 36 1
18 42 1
18 72 1
20 28 1
20 34 1
20 41 1
20 52 1
20 56 1
20 58 1
20 59 1
20 74 1
20 75 1
20 78 1
21 22 2
21 51 2
21 58 2
21 70 3
21 43 2
21 23 1
21 38 1
21 45 1
21 52 1
21 59 1
21 77 1
22 58 4
22 60 1
22 69 1
22 30 1
22 71 1
22 45 2
22 62 1
22 51 2
22 70 2
22 23 2
22 38 2
22 63 1
22 72 1
22 43 1
22 52 1
22 59 1
22 77 1
23 38 2
23 58 1
23 63 1
23 72 1
23 43 1
23 45 1
23 51 1
23 52 1
23 59 1
23 70 1
23 77 1
24 77 1
27 28 1
27 52 1
28 34 1
28 41 1
28 52 2
28 56 1
28 77 1
30 71 1
31 36 1
31 42 1
31 72 1
32 37 1
32 54 1
32 58 2
32 38 1
32 43 1
32 45 1
33 59 1
33 46 1
33 52 1
33 58 1
34 41 1
34 52 1
34 56 1
36 42 1
36 72 1
37 54 1
37 58 1
38 44 1
38 47 1
38 52 2
38 55 1
38 59 2
38 72 2
38 43 2
38 45 2
38 58 2
38 63 1
38 51 1
38 70 1
38 77 1
39 44 1
41 52 1
41 56 1
42 72 1
43 51 3
43 58 4
43 45 2
43 70 2
43 52 1
43 59 1
43 77 1
44 47 1
44 52 1
44 55 1
44 59 1
44 72 1
44 45 1
44 69 1
44 76 1
45 58 3
45 62 1
45 51 1
45 52 1
45 59 1
45 70 1
45 77 1
45 69 1
45 76 1
46 59 1
46 52 1
46 58 1
47 52 1
47 55 1
47 59 1
47 72 1
51 58 3
51 70 2
51 52 1
51 59 1
51 77 1
52 56 1
52 55 1
52 59 2
52 72 1
52 53 1
52 70 1
52 77 1
52 58 1
53 78 1
53 75 1
54 58 2
54 67 2
54 69 1
54 72 1
54 76 1
54 77 1
55 59 1
55 72 1
58 60 1
58 69 2
58 67 2
58 72 2
58 76 1
58 68 1
58 62 1
58 70 2
58 63 1
58 59 1
58 74 1
59 72 1
59 74 1
59 70 1
59 77 1
60 69 1
63 72 1
67 69 1
67 72 1
67 76 1
67 77 1
69 72 2
69 76 2
70 77 1
72 76 2
75 78 1
