1 16 1
1 22 1
1 27 1
1 32 1
1 39 1
1 40 1
1 50 1
1 71 1
1 74 1
5 22 1
5 32 1
5 39 1
5 50 1
5 71 1
7 9 1
7 11 1
7 18 1
7 22 1
7 23 1
7 24 1
7 34 1
7 36 1
7 37 1
7 41 1
7 42 1
7 44 1
7 58 1
7 67 1
7 72 1
7 73 1
7 76 1
9 11 1
9 18 1
9 22 1
9 23 1
9 24 1
9 34 1
9 36 1
9 37 1
9 41 1
9 42 1
9 44 1
9 58 1
9 67 1
9 72 1
9 73 1
9 76 1
11 18 1
11 22 1
11 23 1
11 24 1
11 34 1
11 36 1
11 37 1
11 41 1
11 42 1
11 44 1
11 58 1
11 67 1
11 72 1
11 73 1
11 76 1
16 22 1
16 27 1
16 32 1
16 39 1
16 40 1
16 50 1
16 71 1
16 74 1
17 22 1
17 23 1
17 45 1
17 49 1
17 58 1
17 63 1
17 68 1
18 22 1
18 23 1
18 24 1
18 34 1
18 36 1
18 37 1
18 41 1
18 42 1
18 44 1
18 58 1
18 67 1
18 72 1
18 73 1
18 76 1
20 34 1
21 22 1
21 32 1
21 43 1
21 50 1
21 51 1
21 58 1
21 66 1
21 70 1
21 71 1
22 23 2
22 24 1
22 34 1
22 36 1
22 37 1
22 41 1
22 42 1
22 44 1
22 58 3
22 67 1
22 72 1
22 73 1
22 76 1
22 27 1
22 32 3
22 39 2
22 40 1
22 50 3
22 71 3
22 74 1
22 45 1
22 49 1
22 63 1
22 68 1
22 43 1
22 51 1
22 66 1
22 70 1
23 24 1
23 34 1
23 36 1
23 37 1
23 41 1
23 42 1
23 44 1
23 58 2
23 67 1
23 72 1
23 73 1
23 76 1
23 45 1
23 49 1
23 63 1
23 68 1
24 34 1
24 36 1
24 37 1
24 41 1
24 42 1
24 44 1
24 58 1
24 67 1
24 72 1
24 73 1
24 76 1
27 32 1
27 39 1
27 40 1
27 50 1
27 71 1
27 74 1
32 39 2
32 40 1
32 50 3
32 71 3
32 74 1
32 43 1
32 51 1
32 58 1
32 66 1
32 70 1
34 36 1
34 37 1
34 41 1
34 42 1
34 44 1
34 58 1
34 67 1
34 72 1
34 73 1
34 76 1
36 37 1
36 41 1
36 42 1
36 44 1
36 58 1
36 67 1
36 72 1
36 73 1
36 76 1
37 41 1
37 42 1
37 44 1
37 58 1
37 67 1
37 72 1
37 73 1
37 76 1
39 40 1
39 50 2
39 71 2
39 74 1
40 50 1
40 71 1
40 74 1
41 42 1
41 44 1
41 58 1
41 67 1
41 72 1
41 73 1
41 76 1
42 44 1
42 58 1
42 67 1
42 72 1
42 73 1
42 76 1
43 50 1
43 51 1
43 58 1
43 66 1
43 70 1
43 71 1
44 58 1
44 67 1
44 72 1
44 73 1
44 76 1
45 49 1
45 58 1
45 63 1
45 68 1
49 58 1
49 63 1
49 68 1
50 71 3
50 74 1
50 51 1
50 58 1
50 66 1
50 70 1
51 58 1
51 66 1
51 70 1
51 71 1
58 67 1
58 72 1
58 73 1
58 76 1
58 63 1
58 68 1
58 66 1
58 70 1
58 71 1
63 68 1
66 70 1
66 71 1
67 72 1
67 73 1
67 76 1
70 71 1
71 74 1
72 73 1
72 76 1
73 76 1
