0 1 1
0 4 1
0 5 1
0 11 1
0 14 1
0 15 1
0 24 1
0 28 1
0 29 1
0 34 1
0 42 1
0 65 1
0 75 1
1 4 1
1 5 1
1 11 2
1 14 1
1 15 1
1 24 1
1 28 1
1 29 1
1 34 1
1 42 2
1 65 1
1 75 1
1 18 1
1 31 1
1 36 1
1 39 1
1 40 1
1 44 1
1 61 1
3 19 2
3 20 3
3 26 1
3 33 1
3 41 1
3 46 1
3 52 1
3 59 1
3 64 1
4 5 1
4 11 1
4 14 1
4 15 1
4 24 2
4 28 1
4 29 1
4 34 1
4 42 1
4 65 1
4 75 1
4 12 1
4 21 1
4 22 1
4 25 1
4 27 1
4 30 1
4 33 1
4 39 1
4 43 1
4 45 1
4 50 1
4 53 1
4 66 1
4 68 1
4 70 1
4 71 1
4 72 1
4 73 1
4 74 1
5 11 1
5 14 1
5 15 1
5 24 1
5 28 1
5 29 1
5 34 1
5 42 1
5 65 1
5 75 1
5 6 1
5 10 1
5 78 1
6 10 1
6 78 1
6 60 1
7 9 1
7 67 1
7 69 1
7 77 1
9 67 1
9 69 1
9 77 1
10 78 1
10 16 1
10 32 1
10 48 1
10 58 1
11 14 1
11 15 1
11 24 1
11 28 1
11 29 1
11 34 1
11 42 2
11 65 1
11 75 1
11 18 1
11 31 1
11 36 1
11 39 1
11 40 1
11 44 1
11 61 1
12 21 1
12 22 1
12 24 1
12 25 1
12 27 1
12 30 1
12 33 1
12 39 1
12 43 1
12 45 1
12 50 1
12 53 1
12 66 1
12 68 1
12 70 1
12 71 1
12 72 1
12 73 1
12 74 1
13 28 3
14 15 1
14 24 1
14 28 1
14 29 1
14 34 1
14 42 1
14 65 1
14 75 1
15 24 1
15 28 1
15 29 1
15 34 1
15 42 1
15 65 1
15 75 1
16 32 1
16 48 1
16 58 1
18 31 1
18 36 1
18 39 1
18 40 1
18 42 1
18 44 1
18 61 1
19 20 2
19 26 1
19 33 1
19 41 1
19 46 1
19 52 1
19 59 1
19 64 1
20 26 1
20 33 1
20 41 1
20 46 1
20 52 1
20 59 1
20 64 1
21 22 1
21 24 1
21 25 1
21 27 1
21 30 1
21 33 1
21 39 1
21 43 1
21 45 1
21 50 1
21 53 1
21 66 1
21 68 1
21 70 1
21 71 1
21 72 1
21 73 1
21 74 1
22 24 1
22 25 1
22 27 1
22 30 1
22 33 1
22 39 1
22 43 1
22 45 1
22 50 1
22 53 1
22 66 1
22 68 1
22 70 1
22 71 1
22 72 1
22 73 1
22 74 1
24 28 1
24 29 1
24 34 1
24 42 1
24 65 1
24 75 1
24 25 1
24 27 1
24 30 1
24 33 1
24 39 1
24 43 1
24 45 1
24 50 1
24 53 1
24 66 1
24 68 1
24 70 1
24 71 1
24 72 1
24 73 1
24 74 1
25 27 1
25 30 1
25 33 1
25 39 1
25 43 1
25 45 1
25 50 1
25 53 1
25 66 1
25 68 1
25 70 1
25 71 1
25 72 1
25 73 1
25 74 1
26 33 1
26 41 1
26 46 1
26 52 1
26 59 1
26 64 1
27 30 1
27 33 1
27 39 1
27 43 1
27 45 1
27 50 1
27 53 1
27 66 1
27 68 1
27 70 1
27 71 1
27 72 1
27 73 1
27 74 1
28 29 1
28 34 1
28 42 1
28 65 1
28 75 1
29 34 1
29 42 1
29 65 1
29 75 1
30 38 1
30 33 1
30 39 1
30 43 1
30 45 1
30 50 1
30 53 1
30 66 1
30 68 1
30 70 1
30 71 1
30 72 1
30 73 1
30 74 1
31 36 1
31 39 1
31 40 1
31 42 1
31 44 1
31 61 1
32 48 1
32 58 1
33 39 1
33 43 1
33 45 1
33 50 1
33 53 1
33 66 1
33 68 1
33 70 1
33 71 1
33 72 1
33 73 1
33 74 1
33 41 1
33 46 1
33 52 1
33 59 1
33 64 1
34 42 1
34 65 1
34 75 1
36 39 1
36 40 1
36 42 1
36 44 1
36 61 1
39 43 1
39 45 1
39 50 1
39 53 1
39 66 1
39 68 1
39 70 1
39 71 1
39 72 1
39 73 1
39 74 1
39 40 1
39 42 1
39 44 1
39 61 1
40 42 1
40 44 1
40 61 1
41 46 1
41 52 1
41 59 1
41 64 1
42 65 1
42 75 1
42 44 1
42 61 1
43 45 1
43 50 1
43 53 1
43 66 1
43 68 1
43 70 1
43 71 1
43 72 1
43 73 1
43 74 1
44 61 1
45 50 1
45 53 1
45 66 1
45 68 1
45 70 1
45 71 1
45 72 1
45 73 1
45 74 1
46 52 1
46 59 1
46 64 1
48 58 1
50 53 1
50 66 1
50 68 1
50 70 1
50 71 1
50 72 1
50 73 1
50 74 1
52 59 1
52 64 1
53 66 1
53 68 1
53 70 1
53 71 1
53 72 1
53 73 1
53 74 1
59 64 1
65 75 1
66 68 1
66 70 1
66 71 1
66 72 1
66 73 1
66 74 1
67 69 1
67 77 1
68 70 1
68 71 1
68 72 1
68 73 1
68 74 1
69 77 1
70 71 1
70 72 1
70 73 1
70 74 1
71 72 1
71 73 1
71 74 1
72 73 1
72 74 1
73 74 1
